---
header: 
  seq: 7472
  stamp: 
    secs: 747
    nsecs: 300000000
  frame_id: "base_laser_link"
angle_min: -2.09439516068
angle_max: 2.09439516068
angle_increment: 0.0423110127449
time_increment: 0.0
scan_time: 0.0
range_min: 0.20000000298
range_max: 5.0
ranges: [3.1762819290161133, 3.103274345397949, 3.0388646125793457, 2.9823038578033447, 2.9329640865325928, 2.89031982421875, 2.8539328575134277, 2.823441743850708, 2.798551559448242, 2.779027223587036, 2.764688014984131, 2.7554025650024414, 2.751087188720703, 2.7517027854919434, 2.7572555541992188, 2.767794609069824, 2.7834160327911377, 2.80426287651062, 2.830528974533081, 2.86246395111084, 2.900378465652466, 2.944652557373047, 2.995744466781616, 3.054204225540161, 3.120687961578369, 3.1959784030914307, 3.2810096740722656, 3.376899003982544, 3.484987735748291, 3.6068944931030273, 3.744584560394287, 3.8952274322509766, 4.062768936157227, 4.26259708404541, 4.500875949859619, 4.774260520935059, 5.0, 5.0, 5.0, 5.0, 5.0, 5.0, 5.0, 5.0, 5.0, 5.0, 5.0, 5.0, 5.0, 5.0, 5.0, 5.0, 5.0, 4.090345859527588, 3.168231964111328, 2.6013054847717285, 2.2040998935699463, 1.9220681190490723, 1.7043126821517944, 1.530637264251709, 1.3885233402252197, 1.292419195175171, 1.1920390129089355, 1.1161623001098633, 1.0444583892822266, 1.0320638418197632, 1.0826857089996338, 1.1179065704345703, 1.1707769632339478, 1.1833229064941406, 1.24471116065979, 1.3293348550796509, 1.390398383140564, 1.4890056848526, 1.585628628730774, 1.7008298635482788, 1.872342824935913, 2.0380444526672363, 2.26603627204895, 2.562479019165039, 2.928550958633423, 3.0290300846099854, 2.9977591037750244, 2.984292507171631, 2.967543840408325, 2.9562439918518066, 2.9502906799316406, 2.9496304988861084, 2.9542572498321533, 2.9642128944396973, 2.9795870780944824, 3.0005204677581787, 3.0272068977355957, 3.059898614883423, 3.0989115238189697, 3.1446335315704346, 3.1975338459014893, 3.258176565170288, 3.3272345066070557, 3.4055111408233643]
intensities: [0.0, 0.0, 0.0, 0.0, 0.0, 0.0, 0.0, 0.0, 0.0, 0.0, 0.0, 0.0, 0.0, 0.0, 0.0, 0.0, 0.0, 0.0, 0.0, 0.0, 0.0, 0.0, 0.0, 0.0, 0.0, 0.0, 0.0, 0.0, 0.0, 0.0, 0.0, 0.0, 0.0, 0.0, 0.0, 0.0, 0.0, 0.0, 0.0, 0.0, 0.0, 0.0, 0.0, 0.0, 0.0, 0.0, 0.0, 0.0, 0.0, 0.0, 0.0, 0.0, 0.0, 0.0, 0.0, 0.0, 0.0, 0.0, 0.0, 0.0, 0.0, 0.0, 0.0, 0.0, 0.0, 0.0, 0.0, 0.0, 0.0, 0.0, 0.0, 0.0, 0.0, 0.0, 0.0, 0.0, 0.0, 0.0, 0.0, 0.0, 0.0, 0.0, 0.0, 0.0, 0.0, 0.0, 0.0, 0.0, 0.0, 0.0, 0.0, 0.0, 0.0, 0.0, 0.0, 0.0, 0.0, 0.0, 0.0, 0.0]
---
